GSM1570045	GSM1570046	GSM1570047	GSM1570048	GSM1570049	GSM1570050	GSM1570051	GSM1570052	GSM1570053	GSM1570054
ABCB4	10.17321257	12.60543568	12.66056217	11.57599046	10.62745457	11.95955965	13.78049503	10.90968522	10.7699929	11.33368555
ABCB9	14.95406613	15.40431035	15.56888417	15.04695531	15.27494404	14.76199464	15.2380784	15.00221837	15.38344376	15.16342151
ACAP1	23.40773955	22.71670964	22.3605569	24.02688651	22.81231324	23.61109624	22.81858497	22.88581938	23.9283036	22.15232188
ACHE	15.97325465	16.05706317	15.72512173	16.01623334	15.83551047	16.00991773	16.09695098	15.89867797	15.90373008	15.88009883
ACP5	6.874470412	7.165028631	6.829094629	6.693115727	6.614369627	6.711699367	6.835363809	6.233005404	6.850265022	7.072688158
ADAM28	25.44847352	31.99630485	30.94028794	26.70044956	25.75377975	30.08507209	31.81480949	24.9271228	24.19545618	27.43477328
ADAMDEC1	3.194939597	3.196898953	3.195301364	3.099040163	3.416029025	3.408739258	3.438088074	3.286632234	3.399899996	3.480744313
ADAMTS3	3.772303496	3.829455875	4.050782671	3.701819432	3.79143382	3.836750338	3.803889293	3.849288043	3.856533773	3.830902968
ADRB2	9.72329839	9.03486729	8.665325454	7.942879861	8.368306594	9.585647167	7.895221239	8.743402119	8.487389468	8.791018589
AIF1	38.71675979	37.24234121	40.10667306	37.35538772	40.99565843	35.99206172	38.67420096	40.07271826	38.5252076	40.73727257
AIM2	8.230920012	9.732380303	9.543831819	8.713475567	8.592124155	9.016684919	10.0177375	8.45450176	8.268690741	8.72636374
ALOX15	4.974466834	5.083115816	5.078390309	5.033439212	4.96500561	4.998306672	5.05798328	5.203068592	4.918845315	5.029996847
ALOX5	31.82110201	32.26651741	35.59380653	32.39471312	33.90321327	31.74013775	34.39434335	35.05466584	30.29612543	34.65421813
AMPD1	4.62418014	4.730109432	4.35788738	4.753929975	4.630760211	4.541179459	4.597757012	4.797038101	4.621641289	4.648668141
ANGPT4	5.508884854	5.58562552	5.271943671	5.464585425	5.429888168	5.493001499	5.525186244	5.347300371	5.510031221	5.539070776
ANKRD55	5.940545935	5.579167705	5.949432456	8.128953656	6.809322173	6.125530636	6.939073846	7.394634078	7.895297873	5.834726731
APOBEC3G	17.67416912	17.28164828	16.48885536	15.8278104	15.86394825	17.40880197	16.00714528	15.968052	16.27860863	16.84469068
APOL3	10.20901459	9.742074915	9.146596464	10.22267985	10.1991828	9.802711646	9.331649895	9.565065591	10.19671813	10.04907824
APOL6	37.3377038	33.85859954	31.45878354	33.6633844	33.50867525	37.15501234	31.31409132	33.06201919	34.38610017	35.20505754
AQP9	8.623119356	8.6083063	11.04419206	10.21381763	9.733248298	9.81022742	10.53617367	10.92617741	8.12339057	9.383779625
ARHGAP22	10.23974784	10.82742246	10.53928835	10.21691024	10.58868821	10.57991206	10.8106595	10.82252016	10.10274083	10.66240686
ARRB1	64.08353447	58.69409424	57.96372161	54.91434374	60.60315181	61.23511961	53.4205066	56.27188834	58.27786279	63.13457959
ASGR1	7.847179407	7.279282415	6.61096514	6.18375836	8.194615409	6.306490443	7.143294144	7.063695708	7.712943616	8.590067867
ASGR2	8.505440874	8.031818812	7.488710284	7.250258651	9.107780502	7.187371353	7.631979683	8.200021633	8.44842246	9.378133003
ATHL1	9.659043342	9.449351815	10.07335914	10.73602983	9.846593943	9.57042223	10.05513988	10.50325647	10.21166732	8.976089567
ATP8B4	7.02326555	5.75908531	5.563887083	4.478002518	5.525186244	7.013946196	4.436136126	5.72626372	4.758689704	6.303569658
ATXN8OS	3.092106362	3.191308126	3.194557168	3.195103928	3.219688621	3.268041584	3.21513609	3.095615349	3.131551416	3.204586941
AZU1	4.578192942	4.753136752	4.331466104	4.235010546	4.519360147	4.443989518	4.427944089	4.546031544	4.387247209	4.540622883
BACH2	13.72387521	15.53517608	14.52481333	15.33682924	14.38619096	14.88187309	15.34547328	14.17755297	15.0281539	13.65905756
BANK1	22.12145749	31.08498072	28.70196045	26.0479505	24.06316936	28.80018786	30.93335947	22.55909557	24.13038899	26.65256769
BARX2	5.697904224	5.844596692	5.390743012	5.785636985	5.7908046	5.695744359	5.778655556	5.405318807	5.830543615	5.518001101
BCL11B	25.85438783	23.90826785	21.37672963	28.19662152	26.25052034	24.93775526	24.33206828	25.58920169	28.83201167	21.92381145
BCL2A1	10.93724817	10.68022831	12.74047492	12.34046927	11.88771475	11.76953639	12.39169113	12.68371345	10.70208216	11.43010556
BCL7A	13.30029171	16.06222655	14.95961018	14.27055912	14.44403312	14.76218615	15.30570081	14.07725241	13.9043214	14.88669151
BEND5	12.20207058	13.10852173	12.9455602	12.49678556	12.50332544	12.74132068	13.39834667	12.28466294	11.69660773	12.02569903
BFSP1	7.494253809	7.597161617	7.178698981	6.560942575	6.697853835	7.619884072	6.694110064	6.752347792	6.905807836	7.100908152
BHLHE41	19.31752283	23.05277812	20.8263183	20.2303789	18.78850281	20.61751764	22.39876387	19.63677474	19.93769081	20.3823783
BIRC3	16.63270541	19.4788001	18.67097769	18.96594029	17.35481909	18.25534203	19.57083442	17.37991952	17.57459855	17.08605738
BLK	12.07314624	14.38851005	12.84420998	12.25649308	11.86402952	13.6896223	14.03823153	11.61186571	11.93229558	12.82965335
BMP2K	44.19598453	46.64882096	50.29595978	44.29333744	47.1615131	44.16077954	47.39982815	48.30979565	43.74441113	47.10614908
BRAF	24.39880553	24.27248236	26.35266238	25.62456946	24.06262573	24.70146186	25.91220895	25.72259308	24.28585485	24.31624167
BRSK2	11.84365638	12.82187203	12.02014972	11.82179713	11.98373936	12.17051961	11.95349664	11.60850133	12.03623021	12.40805985
BST1	8.233714761	7.201816179	9.041537394	7.535445872	8.627183908	7.543903225	8.115531515	8.72458432	7.876093258	9.02164524
BTNL8	4.389270011	4.446219676	4.45483837	4.27357202	4.703846887	4.473951376	4.505234909	4.323929236	4.282815858	4.559451709
C11orf80	10.55800572	11.85142568	10.60810373	10.66803657	10.77913872	10.96254813	10.99729067	10.4639996	10.58582879	10.76835424
C1orf54	6.655767834	6.241301484	6.407071673	6.216705869	6.913328833	5.589717928	5.71751589	6.010518056	6.463955365	6.43472187
C3AR1	8.752227475	8.171830891	8.108411131	7.569481896	9.047770661	8.252156668	7.597754201	8.052819409	8.068034704	9.00046576
C5AR1	9.90168713	9.485239529	12.05410826	11.30238033	11.02193139	10.60421768	11.50290031	11.94062867	9.779048887	10.82360186
C5AR2	5.386358583	5.385371462	8.002286203	6.046442191	5.609255415	5.662106679	6.637171891	7.618889814	5.078961522	5.390491263
CA8	11.92513194	12.23154006	11.80430297	12.37239073	12.25812743	12.24446638	12.16709126	12.07070611	11.70973546	11.80691471
CAMP	7.654258883	7.863034219	9.057340174	8.320815257	8.088287645	7.902251882	8.605369723	8.852106953	7.611301869	7.828862218
CASP5	5.332494957	5.497902462	6.916327963	5.500559938	5.452315016	5.653360449	5.523991032	6.885880589	5.073097561	5.568835217
CCL1	4.982990603	5.106956804	4.997791059	5.029877986	5.125350714	5.049199159	5.109449813	5.012851242	5.077576332	5.077576332
CCL13	9.404024516	9.552719913	9.528660203	9.498499322	9.566028053	9.324107655	9.459856582	9.342712431	9.030743782	9.719583896
CCL17	3.987613974	4.293963409	4.29293496	4.291505976	4.308396809	4.191476556	4.254292959	4.14716351	4.248322298	4.068667935
CCL18	9.401412333	9.607892938	9.388315121	9.629740318	9.382136914	9.945321363	9.382793547	9.405244813	9.655289986	9.608909393
CCL19	5.512525178	5.582496707	5.356220198	5.489284159	5.624308388	5.539480044	5.527817886	5.442483964	5.572465339	5.367202219
CCL20	4.388846094	4.407615463	4.319331477	4.520789945	4.367036188	4.265005201	4.337935866	4.645677022	4.453967989	4.517480528
CCL22	5.873162215	6.087897592	5.910718787	5.986043081	6.086588699	5.917273347	6.110468401	6.036095263	6.06239842	6.009947796
CCL23	8.115565996	8.067726293	8.426169191	8.119029642	8.459105052	8.430331037	8.095900587	8.204178243	8.341629607	8.20829464
CCL4	10.45829319	9.553562194	8.144931712	7.850301625	7.122890435	10.42968336	7.427389149	7.815224141	8.331831563	9.434351224
CCL5	37.16528223	35.35642249	31.43567327	33.58475849	31.04600758	37.24707843	30.20320493	31.10946667	33.93833401	34.77947773
CCL7	4.150864225	4.199008869	4.279137081	4.071593281	4.22501355	4.090900439	4.237785616	4.324962749	4.248418224	4.204165234
CCL8	3.788857219	3.671728227	3.948318166	3.613367812	3.918188723	3.556686864	3.648182519	3.865658944	3.805748431	3.700095138
CCND2	39.52085112	37.16997775	32.97682956	36.4561558	34.92474598	39.77114871	33.59242738	33.98707602	38.09468198	35.89652033
CCR10	4.7701376	4.783146264	5.080794022	4.816470469	4.862175786	5.015671545	4.948033867	4.967115897	4.935040979	5.010739923
CCR2	15.74574257	15.13201705	13.92473358	12.76509857	17.28396323	13.21312437	13.33086785	13.70868335	15.91872917	17.54989948
CCR5	7.325322329	6.028018975	5.879017682	6.919328163	6.58826478	6.710098636	5.92947464	6.762211747	6.302727544	6.408435784
CCR6	7.021859635	9.080624191	8.866646611	8.024726852	7.376779869	8.453768116	8.98827284	7.542675384	7.771499893	7.809205728
CCR7	9.260027734	9.640883927	8.875527205	10.25497798	9.715978957	9.111978517	9.583745444	9.816098521	10.39977168	8.466115778
CD160	10.72983609	9.663773128	8.882506217	8.242739038	7.218644249	10.6287059	7.721214263	8.349018918	8.685756063	9.516672892
CD19	6.818902621	8.138395849	8.218543297	7.005594228	6.936154678	7.829003154	8.690420179	6.598453282	6.344553376	6.845015459
CD1A	5.615400628	5.537561931	5.14240576	4.656646017	6.165760848	4.730292867	5.531167144	4.843952672	5.928463577	6.303144374
CD1B	4.081373355	3.626330963	3.689376899	3.691874261	4.059387935	3.603665669	3.67443347	3.936839437	3.594296557	4.027442324
CD1C	7.506580114	9.141763678	8.741790948	7.323156407	8.055605879	8.346443705	9.379195936	7.430188806	7.342938748	8.687396698
CD1D	9.193612701	8.836135965	8.394623675	7.474448152	10.07030985	7.610894128	8.57199756	8.393900869	9.236109841	10.08478746
CD1E	8.396330557	8.684885171	7.984079324	7.557338007	9.200666157	7.770550216	7.758733616	8.235857321	9.187535644	10.59210222
CD2	9.57572154	8.751858383	7.632053691	9.21985218	8.343223767	9.639128665	7.832072781	8.607777417	9.215621817	8.425739079
CD209	15.78082787	15.79840881	15.74421193	15.68867865	16.87120012	15.68876834	16.03019562	16.58509898	16.23120834	17.44477153
CD22	29.99541117	40.27552026	37.04026548	33.5096537	31.99898715	37.4101605	40.65036803	28.93458501	31.55482482	34.76600628
CD244	13.95645576	12.76887605	12.06120259	12.64016225	12.80634848	13.54749848	11.13536166	11.7851838	13.46643116	13.03494975
CD247	11.89540763	11.02907698	9.917076476	10.8466614	9.901796091	11.86823338	9.542557158	9.791554564	10.9034656	10.9124185
CD27	7.953359392	8.212476362	7.420354667	8.807402468	7.96334682	7.659557116	7.973857867	8.147320989	8.737452438	7.169338673
CD28	22.48234528	19.68546512	16.56899812	27.64942689	24.27049627	19.49500003	22.46713673	24.05796134	26.93764943	17.45033886
CD300A	29.57638153	27.76719524	26.2277049	24.95855612	26.35476411	29.31580808	24.98979034	25.04322792	25.86737394	28.44026197
CD33	8.611106308	7.948810862	7.692237122	6.505147781	9.37690581	6.561470669	7.365068745	8.146123388	8.442923306	9.564981932
CD37	17.05745933	18.59962762	17.27511951	16.16277384	17.26676203	18.02636047	18.8538364	14.26444418	17.18493439	18.01791315
CD38	7.844495765	7.581451842	7.171616188	6.746240132	6.721613393	7.807848475	6.824305494	6.212574128	6.606718161	6.985750196
CD3D	10.43252	9.678887211	8.850975341	11.14396096	10.38270493	9.896599648	9.851598435	10.31793459	11.13163981	9.102812596
CD3E	9.145763136	8.21398661	7.32932902	9.587105991	8.718787526	8.718686919	8.216814909	9.012028547	9.680628635	7.761788332
CD3G	10.11818085	9.485531073	8.294205627	10.82557741	10.18133617	9.836789467	9.435095675	9.596090583	11.00111522	8.649091656
CD4	13.63289426	12.46936925	11.97736469	13.34050109	14.7886301	11.74780642	12.68680512	12.8271827	14.34772833	14.59089501
CD40	26.06354391	31.45267864	29.61821157	27.10654993	28.35100801	28.60464904	31.94662892	25.68391969	27.29599515	28.57504385
CD40LG	6.626194869	6.37274348	5.387144078	8.435826708	7.556793797	5.776799851	6.77530009	7.413512811	7.861152854	5.373397152
CD5	15.60439279	15.08224005	12.27627758	17.64698379	16.41198591	14.33501472	15.2310833	14.89676351	18.02231853	13.52924729
CD6	52.54784878	49.21128698	44.21930565	57.89119804	54.96611744	49.85118377	50.71361326	51.64816071	59.83478668	45.39988511
CD69	9.6706309	9.332370686	8.838372976	10.26680521	9.115805879	9.532801336	9.02014368	9.662874257	10.15205514	8.357841168
CD7	16.22274958	15.38863219	12.7845608	13.67936036	13.54318032	16.79253841	12.84932528	12.18044962	14.52392377	14.59917592
CD70	6.630543736	6.910167805	6.734016246	6.662720029	6.977999809	6.856866606	6.933959683	6.722810783	6.666180713	6.818047056
CD72	6.876097522	8.83736228	8.088246484	7.34139265	6.75794696	8.329366407	8.767682736	6.374196767	6.859045551	7.522436908
CD79A	15.42926447	20.42793345	16.09071304	15.91781899	15.55250539	18.96910252	19.51547578	13.89667438	15.60795228	17.20264755
CD79B	21.82129065	23.96980677	22.48912858	22.15517818	22.41510982	23.15971459	24.08165879	20.67922029	21.91987419	22.53235721
CD80	10.55126472	11.6784488	11.85529981	10.91533281	11.12915666	11.29958493	11.78555026	10.38346388	10.41688071	10.87242767
CD86	23.63171909	22.6676916	21.32633144	16.95195614	25.65237238	19.30032976	20.88131342	21.41426542	22.93139196	26.12420374
CD8A	9.906493359	8.749494505	8.105310914	10.04386303	8.980864637	9.489817644	8.55349612	9.295869661	9.954996802	8.581028113
CD8B	6.287052108	5.586387775	4.962168562	6.779406756	6.528372676	5.525186244	6.333965726	5.986782781	7.135401384	5.053977321
CD96	15.3142963	14.1482419	12.79786987	15.91548858	14.05035433	15.59694445	14.00695794	14.44708673	15.99565362	13.00692832
CDA	8.813245349	8.48489753	9.44759043	8.849126238	9.844017141	8.729465136	9.579677339	9.212237587	8.471524938	9.637731802
CDC25A	19.38391963	19.80419074	20.5848904	18.59516939	19.0793533	18.75453285	18.75691461	18.68033913	18.34492533	20.26735389
CDH12	3.304967483	3.509434291	3.814474997	3.393199201	3.559891801	3.629093824	3.559891801	3.559410864	3.492186169	3.588134076
CDHR1	9.469655774	9.379875959	9.399459667	9.197071725	9.136894654	10.25085628	9.044997155	8.84633612	8.994498433	9.018715509
CDK6	53.51481564	52.53512207	50.20926242	51.18987241	50.65211129	53.68541226	50.89718905	50.09344948	52.73023853	52.59706294
CEACAM3	18.71291153	18.88742242	23.86201928	21.68430874	21.06880993	20.96346164	22.26893906	23.70180219	17.29355717	19.89314986
CEACAM8	3.864499351	4.092885377	5.864128241	4.742477527	4.535161327	4.498800151	5.117906226	5.633723405	3.970112711	4.354813627
CEMP1	7.128825952	7.161930161	7.163069086	7.255420817	6.999483881	7.086480385	7.061101664	6.972003572	7.290362724	6.945883316
CFP	9.34214389	8.703168372	9.576957376	8.706037149	9.931178017	7.963863018	9.056558268	9.345464896	9.085497337	10.00244561
CHI3L1	21.5744609	21.00463384	29.39263143	26.88609337	24.68678172	24.759545	26.9307839	28.8363939	20.53623306	23.02691186
CHI3L2	7.301437852	7.256227546	7.008703378	7.401326176	6.701684133	7.110667371	7.101056987	7.101013161	7.149089328	6.794227363
CHST15	16.67769103	16.29294224	18.7441703	17.05925589	17.81964573	16.19119401	17.80177368	19.11275829	15.38581292	18.0394336
CHST7	7.451541255	7.222341374	8.243097047	7.358092956	7.629151805	7.362904992	7.332262904	8.062754651	7.196693763	7.63458264
CLC	4.34998687	4.230582652	6.705858454	5.712638214	4.652118161	5.252483029	6.182974294	6.018826712	4.17584788	4.493408029
CLCA3P	3.29765898	3.20118271	3.188417435	3.088951603	3.098649889	3.232125083	3.216042365	3.190212577	3.160980579	3.068118309
CLEC10A	7.018235705	6.847149334	6.308542628	6.447027948	7.144971715	6.75865402	6.785004147	6.768380539	7.028666968	6.892803674
CLEC2D	33.54430879	34.70320208	31.72778664	37.2201894	33.67912854	34.0241438	34.24202711	33.89490855	36.86682005	31.0760269
CLEC4A	18.48094082	16.97344575	19.05427056	16.87090919	20.11723272	16.62796229	17.91645902	19.34562593	18.33958275	20.14510231
CLEC7A	59.64826484	55.79057649	65.67843191	60.83972598	64.73702809	57.54990935	63.00192368	65.40180671	59.3040701	64.3939646
CLIC2	3.458542257	3.519947473	4.138869086	3.363965342	3.590544915	3.559136964	3.579277728	3.638088531	3.261148918	3.743635827
CMA1	4.699052489	4.690984388	4.664312283	4.561632212	4.597545416	4.648108506	4.662797613	4.793833291	4.652570528	4.665493625
COL8A2	9.792064826	9.728942946	10.06979904	9.259480888	10.46794411	9.349421122	9.507424077	9.283136533	9.821220875	9.801307032
COLQ	7.521448925	6.834379339	6.317503834	6.478020173	6.204292863	7.538562002	5.660911225	5.994957803	6.524538231	7.08974106
CPA3	3.123767271	3.198291644	3.191119557	3.117981152	3.480167972	3.300732043	3.147979892	3.173059009	3.105934188	3.031028942
CR2	8.498107734	10.22739792	10.07432449	9.573810534	8.581268114	9.76840135	10.2752744	8.851676727	9.250968997	8.687762391
CREB5	7.178992359	7.064479873	9.621096532	8.268518081	8.423945689	7.739290072	8.407424982	9.471835649	7.239887632	7.910277619
CRISP3	4.172950424	3.926463715	6.86510586	5.069818903	4.124967222	4.196058761	5.081785211	6.420303667	4.648472748	4.150453629
CRTAM	7.987031429	6.805701804	6.833370712	7.395359029	6.306219963	7.709679521	5.734983452	7.331352385	7.191472769	6.839334405
CRYBB1	5.150826208	5.318331381	4.957155479	5.240414534	5.303249563	5.152104676	5.122563365	5.23615471	5.261105921	5.295766821
CSF1	24.07867224	23.86288812	25.57530517	24.32439781	24.32790418	24.50761502	24.97127477	24.84955557	23.85642098	23.59584559
CSF2	10.04563928	9.788646659	9.757633966	10.0012042	10.13161173	10.16165536	10.07811476	9.92196502	9.951710381	10.06027997
CSF3R	18.85242952	18.25119348	21.69304427	20.40164847	20.41132538	20.043208	21.46947551	21.09946872	17.9863387	20.25410911
CST7	12.22280661	11.5949151	10.78148741	10.24803167	9.725293591	12.25262343	10.08460575	10.24318297	10.66129735	11.40243522
CTLA4	30.69643055	30.1713648	26.88091265	35.14325155	31.6541736	29.07679904	30.8892915	31.60133126	35.64615309	26.49906814
CTSG	4.815892747	4.748290715	5.050867405	4.822095116	5.325328325	5.008801421	4.93074819	5.068930975	4.428252664	5.141704148
CTSW	11.85401489	11.13200224	9.4602626	9.481673121	8.960325996	11.8674787	8.495709021	8.838808337	10.16518729	10.9165975
CXCL10	4.841981901	4.288203319	4.01067	4.175777958	5.060969943	3.842124759	3.997430627	4.125581997	4.248322298	5.937834634
CXCL11	7.82513334	8.032217179	7.941134783	7.834542363	7.825463763	7.687360196	7.677781989	8.182977936	7.576797954	7.939276509
CXCL13	3.453610293	3.526262124	3.535073996	3.451811251	3.658846041	3.52354922	3.528926814	3.473611905	3.647674125	3.577575336
CXCL3	4.339667602	4.152157181	4.137299812	3.938355014	4.149438136	4.027386045	4.078996251	4.099039895	4.178084631	4.1509878
CXCL5	10.73428667	10.87339895	11.04154387	10.79570088	10.57126999	10.83631231	10.90399607	10.73207242	10.34926888	10.67099131
CXCL9	4.850762469	4.821633851	4.479811016	4.630454425	5.101858472	4.484443017	4.981815991	4.398967352	4.696533096	4.843650027
CXCR1	7.898298494	7.629860206	9.843595811	8.879126867	8.009117354	8.757009091	9.292826813	9.779535837	6.816141258	7.824730817
CXCR2	11.01055884	10.71298209	12.96829105	12.32737514	11.73746309	11.92062292	12.32396316	12.86698025	10.32177328	11.17297178
CXCR5	13.05065958	16.53049047	14.92467198	14.51248633	13.82627978	15.27114877	16.32679057	13.07063078	13.44946193	13.92778699
CXCR6	13.1833466	12.72729451	12.10446668	13.43780118	12.8364614	13.29089636	12.40808426	12.58587035	13.40800656	12.55822719
CXorf57	9.947776177	10.78841722	11.2244561	11.16756078	9.981689784	10.60774158	10.71319727	10.94853382	10.58451103	9.916677678
CYP27A1	8.323973704	7.988555513	8.677851926	8.086777839	9.090241807	7.679254039	8.047270749	8.400481384	8.276612135	9.517721113
CYP27B1	4.495139082	5.20538164	4.66410704	4.980475594	4.715310478	4.886352636	4.44173172	4.862838413	4.646358214	5.037444379
DACH1	12.4280686	11.01078521	11.32781461	10.92855208	11.24623551	11.6004646	11.01036408	11.66676909	11.22776522	11.90353134
DAPK2	14.58044776	14.1527321	18.14212386	16.21179365	14.21353098	14.8490436	16.38627439	18.66213255	13.07653775	13.92873468
DCSTAMP	4.688946426	4.785991967	4.626193668	4.675381358	4.653486479	4.821751133	4.749095502	4.700029569	4.783582361	4.78459796
DEFA4	4.782258717	4.758117707	7.386843755	5.108193978	5.414083215	5.557537009	5.616568099	7.42299463	5.009700829	4.96960718
DENND5B	29.75882087	33.8326538	34.10616395	30.21426092	28.82788957	33.20644171	33.49111997	28.61048271	29.23682128	31.76960237
DEPDC5	8.210322699	8.333254466	8.162580401	8.088843869	7.956747293	8.161872496	8.096749478	7.976684029	7.904127359	8.196300738
DGKA	19.26321365	18.85527376	17.69432523	21.3644339	20.25294889	18.54153266	19.78948656	19.50757137	21.46164702	17.93637223
DHRS11	6.725204365	5.834537691	6.407699149	6.516898535	6.634963964	6.653752326	6.503981256	6.747682716	6.766474702	6.798148583
DHX58	6.603529923	6.578399582	6.597496925	6.631464417	6.835239351	6.44521041	6.590068622	6.627288379	6.809994337	6.590149227
DPEP2	10.4247277	10.45002766	11.6770092	11.29252521	11.23648592	10.64518646	11.20378554	11.59148361	10.47645368	10.950331
DPP4	21.37502041	19.78036208	19.33370769	25.23602808	22.05866947	20.09873622	21.31447968	22.18485864	24.30413277	18.27592038
DSC1	5.023278599	4.952585207	4.503815543	7.249641653	5.498501379	3.845552637	5.184930117	6.251957866	6.250800949	4.116960003
DUSP2	6.597923708	6.19956574	6.756343475	6.734290222	6.385368146	6.579078945	6.224099681	6.827332143	6.66861999	6.337457474
EAF2	14.64098244	17.47000232	16.27374613	14.94464648	15.0265961	15.44826973	16.2664414	14.62975174	14.17604978	15.68520801
EBI3	6.100781844	6.451469373	6.269395793	6.034468266	6.31669265	6.257150198	6.42270688	6.258974738	6.301462498	6.319851545
EFNA5	23.7166407	21.44805711	20.85959443	20.11238438	20.88084287	23.02955547	20.74015274	20.68312912	20.7054692	21.40323214
EGR2	6.523418531	6.483212812	7.331139783	6.853189572	6.849025261	6.189835427	6.559003616	7.614447693	6.631652656	6.972824798
ELANE	4.224152262	4.735988455	4.41915068	4.248322298	4.249675835	4.400954012	4.521534641	4.418068783	4.228327335	4.205217891
EMR1	7.410127524	6.694587858	7.085294211	6.750295575	7.995319238	5.907252892	6.807400284	7.161077401	7.447258231	8.300645404
EMR2	15.63198893	14.60500307	16.83199944	14.44162102	16.4524933	13.96350036	15.44171275	16.45233521	14.65371765	16.25434226
EMR3	8.109006278	7.932547573	10.48564415	9.283244021	9.16800366	8.865686143	9.812528727	10.41973349	7.991859316	8.894566743
EPB41	41.02497641	40.69293308	39.30431274	40.43928169	39.49449088	41.33800625	40.33610343	38.75264711	40.97011258	39.33301366
EPHA1	16.39209663	16.06562063	16.63655314	17.14345076	16.81188257	15.52025095	16.0649595	18.45860071	16.2254622	16.68856272
ETS1	31.11227216	30.83040394	27.69151957	31.24388979	29.80964356	31.53366291	29.88588793	29.00869569	31.96247754	28.45690328
ETV3	23.92033196	22.67453157	24.2627647	22.70169837	23.61634947	24.04320767	23.54062151	23.37928658	23.40152181	24.45966717
FAIM3	21.38114949	23.18111618	20.91061969	22.01634164	21.13488252	22.49245438	22.80152744	20.03527981	22.21275325	20.79825342
FAM124B	4.12070394	3.85430087	3.864981948	3.740761993	3.843969129	3.747305578	3.863917337	4.083554023	3.79151651	4.20079881
FAM174B	12.00903646	11.56250244	11.96527063	11.78177504	11.75481019	11.81459167	12.04796877	12.06636546	11.83451647	11.82761578
FAM198B	17.939155	16.26622594	15.29041001	12.70431191	19.45962914	12.8057894	14.88455169	16.40171338	17.8451007	19.9275696
FAM65B	20.52146776	20.48318902	21.36017264	21.25967886	20.58570954	20.84376411	21.09376535	21.51194104	20.62151115	20.19179776
FASLG	14.32302459	12.71544336	11.57425842	10.04118579	9.562407025	14.25354093	10.06589877	10.28444284	11.21367285	12.68248491
FBXL8	5.235070818	5.25950923	5.210669407	5.152997263	5.242401728	5.083690897	5.2823625	5.112528903	5.464064649	5.304805095
FCER1A	11.27613238	10.95176431	9.512326209	9.389836458	11.52474401	10.34665592	9.471413044	10.58307761	10.89246389	11.84531829
FCER2	12.94080913	15.05486729	14.36001378	13.19120532	13.14482783	14.20605884	14.97698629	12.44400593	12.55388427	13.51826526
FCGR2B	7.498876064	8.96224944	8.998944323	7.90120833	7.934368327	8.388536944	9.157242831	8.623796087	7.517165852	8.275369237
FCGR3B	11.03792161	10.89679545	12.97263876	12.21635844	11.70430841	11.90978723	12.38156088	12.73811345	10.64824424	11.39478652
FCN1	12.08320816	11.43649265	10.5641076	9.997260279	12.5982868	10.33283735	10.9115846	10.81167781	11.95593072	12.67884203
FCRL2	30.80282559	39.74018416	35.70835005	32.71631322	30.52868735	37.5693701	40.33495664	29.4713291	30.91796138	33.20747201
FES	7.185786647	6.971196057	7.219753316	6.378879681	7.213507661	6.892700366	6.348012742	6.92058193	6.664910289	7.622361516
FFAR2	5.718341309	5.619112523	7.410494149	6.60356843	6.825069495	6.763653286	7.154039112	6.658598586	5.248203174	6.384120359
FLT3LG	15.87153005	14.57937479	13.80817354	16.7250329	15.91249777	14.96681168	15.35698511	15.23918387	17.16969746	14.22367181
FLVCR2	18.18599279	16.73086902	15.98101765	16.25945343	19.09941349	16.65784759	16.31339791	17.65633871	17.74054783	19.38405178
FOSB	10.66014982	10.15656133	10.58441542	9.824906342	11.29677543	9.792087375	10.41562505	10.4260456	10.555187	11.41271848
FOXP3	19.05332713	19.43973084	18.49770407	19.65528165	19.85880646	19.05870377	18.99465073	19.1766903	19.66921229	19.07837553
FPR1	16.86157594	16.49756099	21.21993323	18.935135	19.23756125	18.64726029	20.04551708	20.50665595	16.65938543	18.69961697
FPR2	15.12956886	14.40231168	19.102345	17.1465571	16.66090842	16.6361812	18.06500219	18.72674479	14.32666746	16.28484673
FPR3	10.74891196	10.15168687	10.07350267	9.21407065	11.40585705	9.912353892	9.567507108	9.550448399	10.18163379	11.57680583
FRK	9.716519968	9.646957499	9.587865605	8.810297369	8.993461471	9.860068469	9.631659375	9.799317111	9.21697605	9.17912241
FRMD4A	45.22962837	47.21166321	45.8914065	46.23604575	46.98905037	44.74957621	47.34349006	46.51751161	46.60092633	45.29976482
FRMD8	27.40808462	26.58392464	29.47553349	28.37742492	27.42703132	27.92243199	27.7611296	30.52811349	27.5944669	27.55406126
FZD2	11.34675533	11.08832116	10.63964925	10.53195858	11.36109735	11.11331996	10.89327116	11.06963921	10.74206654	11.70217922
FZD3	22.58424647	23.04430127	23.88492076	22.73690878	21.65003547	22.9175726	22.18797796	23.77054093	22.94038237	22.30610865
GAL3ST4	7.352346669	6.962064164	7.638802157	8.863583473	7.67522686	7.104735468	7.769206405	7.831445334	8.368080055	6.775430098
GALR1	4.81113347	4.726512827	4.613108082	4.660587557	4.731093969	4.670058735	4.782169371	4.80053454	4.763764877	4.743777986
GFI1	7.793933896	7.52952148	6.658749716	7.282884169	6.520359395	8.062823287	5.871795133	7.728261534	7.199548651	6.961780175
GGT5	5.878447687	6.207670676	5.770012296	5.999685262	6.129024474	5.90062715	5.806457715	5.994382356	5.941809875	5.814937556
GIPR	13.073525	13.04726695	12.75548212	13.34325208	12.35183955	12.86851971	13.02821819	13.2534765	13.35129239	12.78059473
GNG7	19.88006452	22.95809266	22.28012409	20.86381555	20.32588949	21.49306429	22.64139968	21.07677728	19.88690057	20.96881909
GNLY	26.55227239	25.6000541	22.90489069	21.73144018	20.03380646	26.54820596	20.07631681	20.65522696	23.73943129	25.38921332
GPC4	11.38325894	11.71995586	11.57390459	11.04277106	11.09927053	12.00938302	11.50320036	11.51799935	10.94875801	11.7895556
GPR1	3.4709452	3.368718119	3.563536643	3.771775288	3.673189207	3.412737664	3.419982752	3.791431023	3.49814671	3.431860297
GPR171	8.181348655	7.637232458	7.49459035	9.654504615	8.42533866	7.282350003	7.299376396	8.813485242	9.248878099	6.798637268
GPR18	8.803696519	8.932633966	8.910259714	9.118625879	8.475178301	9.10818696	9.298149454	7.831030651	9.121343362	8.246946611
GPR183	9.051879013	9.680550052	8.670237553	9.735648237	9.398633466	9.079362687	9.472024012	9.071022265	9.869406096	8.448911553
GPR19	4.291733576	4.326156875	4.449202631	4.679943078	4.461910019	4.586197865	4.355860706	5.121066387	4.401697972	4.473346242
GPR25	4.979790284	5.073383479	4.61412416	4.837191976	4.923178539	5.329341871	4.988095502	4.731093969	5.048237614	4.939005465
GPR65	9.87654971	9.064920869	9.863829833	9.07317095	8.936421938	9.913818079	9.210363258	9.602147869	8.627794173	9.205929141
GPR97	14.09188525	13.7840357	19.31732218	17.38072129	16.15861558	16.12287726	18.28763002	18.64133521	13.08935027	14.9489359
GRAP2	8.387963488	8.286128739	7.273917804	8.555520599	8.569273542	8.324743346	7.970962402	7.761783261	9.026902904	7.945095765
GSTT1	11.70986056	11.74024822	11.63047502	11.53721338	12.15904286	11.98510481	11.81634314	11.39381487	11.57449585	11.65584834
GUSBP11	20.64861718	22.14161008	23.01068676	21.87612364	21.9118873	21.90524719	22.86907347	21.93241934	21.37844418	21.67097993
GYPE	12.51633136	12.45704883	11.73648207	12.00723073	11.62114745	12.63642422	11.96234027	11.64001135	11.94572545	11.54470942
GZMA	12.64508516	12.01753197	11.0460261	10.81768136	9.854191556	12.64243492	9.553408257	10.27640075	11.32486623	11.87326858
GZMB	12.67171224	11.94091518	10.50093706	9.395967049	8.319088979	12.65704765	8.52771632	9.302724706	10.40330319	11.70571696
GZMH	11.71102969	10.77245326	9.762167542	9.300058612	8.116194605	11.76206609	7.932201606	8.813294815	9.837812855	10.60459107
GZMK	10.39252059	9.213509421	8.438173032	10.07317296	8.918177525	10.41557737	8.257572022	9.181706054	10.10720432	9.110862419
GZMM	7.572080814	7.339442218	6.484951597	6.799092984	6.803112596	7.853967524	6.48355342	6.439329492	6.946943749	6.923278566
HAL	18.40202963	16.98809016	22.89845097	20.24386738	20.71015519	19.07006596	21.05607112	22.99069655	17.53084859	19.97291004
HCK	9.443628895	9.093018242	10.41241135	9.133223333	10.17807474	8.948196497	9.62475746	10.19415261	9.284017527	10.31958731
HDC	4.60362318	4.724495934	4.938137371	4.827643362	4.853004756	4.912919234	4.813909053	4.686942255	4.631673179	4.825717349
HESX1	4.279966187	4.819053133	4.452685303	4.112501545	4.309722291	4.268723921	4.340001039	4.552437879	4.433927109	4.664830886
HHEX	15.06299092	16.59258534	15.67945994	14.21591841	16.19879732	15.23681091	16.13601944	15.07220154	15.01620417	16.6927627
HIC1	17.14513669	17.2715095	16.17308263	17.1048847	16.85153484	17.1195237	16.58573866	16.79673252	17.07834503	17.12256763
HIST1H2AE	9.734129128	9.779922878	7.735608683	8.398511068	8.848571356	9.911940043	9.230477902	7.633406277	9.321545469	9.259352153
HK3	7.334975528	7.005096238	6.871790438	6.488463994	8.215104715	6.42114504	6.8704505	6.903923123	7.195304696	8.081461511
HLA-DOB	13.81673058	16.6134327	15.72827359	14.88866968	14.04843207	15.60322916	16.57400428	13.9525277	13.42286436	14.77999524
HLA-DQA1	6.365602044	6.648288854	6.617065954	5.459249578	7.510072218	6.362683103	7.144249982	5.916493131	6.577859905	7.295476662
HNMT	37.60686874	33.91412487	31.21406551	28.82802163	43.33865675	29.04203316	30.7355398	35.87021123	37.28341939	43.22493209
HOXA1	7.014001579	6.884109483	8.028005306	7.055845331	6.779065032	7.299897226	7.256239274	7.932859846	6.22218155	6.826485167
HPGDS	4.088091768	4.656452625	4.678190795	4.582058699	4.500503534	4.698023092	4.076969881	4.413595493	4.072548017	4.348406557
HPSE	15.11614538	14.40295339	15.35878299	13.31208599	15.91209521	13.28286625	14.02282019	15.65596505	15.04940912	16.42516508
HRH1	9.79901956	10.51573781	10.28197914	9.778237069	10.19882193	9.995458335	10.71422687	10.43876058	9.177220431	9.887160695
HSPA6	18.93390045	17.90122877	21.59765212	20.0546852	20.5959649	18.7153023	20.24395257	21.25806904	18.41805258	20.25683869
HTR2B	5.517455861	5.264460048	4.839034935	5.512255167	5.620024425	4.888079807	5.111690115	5.162799357	5.50376829	5.409212399
ICA1	32.479824	32.88169049	32.78735307	32.49455008	33.40779112	32.82901227	33.35851683	33.6618015	33.59964992	33.33970622
ICOS	7.045320942	6.464438259	6.107534366	8.575036759	7.560963215	6.212139582	7.237049396	8.245428555	8.566196967	4.993248903
IDO1	4.890831886	4.954811232	4.774720629	4.894933009	4.877983829	5.070475699	4.81463062	4.690481704	4.748409448	4.939130412
IFI44L	7.166948676	6.788268517	6.310909062	6.571887106	7.314734735	6.65018327	6.91228638	6.506170936	7.155772052	7.825837387
IFNA10	3.247141218	3.167370804	3.159542327	3.029733927	3.121531394	3.030883678	3.050790799	2.959352196	3.103258089	3.035251875
IFNG	7.007406896	6.476638775	6.027020977	6.598242678	6.335387947	7.065204276	5.84380284	6.05612674	6.651005037	6.012155868
IGHD	34.56399789	48.55470091	42.40993657	37.52050333	36.34099152	44.14247363	46.94908239	33.61364668	36.07575644	39.99823261
IGHM	41.68956916	53.87227974	47.50681175	45.12993204	43.10910598	50.39013557	52.4585782	40.02327912	43.62354623	46.99653275
IGKC	39.45535374	47.96391998	42.63818739	41.34856696	40.13627811	45.38428939	47.56905671	35.70109281	40.5594173	43.19771447
IGLL3P	8.474820126	9.944447995	9.501082574	9.166436368	8.802099112	9.673562421	9.966942429	8.270710052	8.923094114	9.292847938
IGSF6	16.97621552	15.52610821	18.87038335	17.18861003	18.20620042	15.57390308	17.41552593	19.16717998	16.06382395	18.42085666
IL12B	3.273506522	3.208310079	3.192153721	2.958956144	3.205114524	3.12740483	3.747365215	3.160980579	3.210989414	3.246172661
IL12RB2	6.710106942	6.006882371	4.28095253	4.918740208	4.628550249	6.746732999	4.134401343	4.140996859	5.186751467	6.066076804
IL17A	6.192385212	6.72540666	6.686790089	6.484433268	6.621589023	6.528342803	6.550298393	6.572412919	6.640879704	6.539295257
IL18R1	9.113004162	7.880036382	8.398966073	7.65847964	6.563988815	9.093956817	6.312367143	8.21993959	7.4229537	8.013071647
IL18RAP	10.27647458	9.525594312	10.32716532	9.369892	8.385844644	10.59031029	8.970750641	10.18622529	8.695437292	9.371694001
IL1A	11.6705629	11.35745788	11.4777608	11.73520597	11.95058799	11.12229792	11.5372861	11.46292134	10.99249785	11.92003037
IL1B	17.00630977	16.23341519	15.69926609	13.44167368	18.82294168	14.69025264	15.81039121	15.92737978	16.95263035	18.92125365
IL1RL1	18.9528433	19.28788906	18.8200746	19.14436278	18.80847246	19.7050469	18.99756046	18.79931429	18.89697261	18.87989216
IL21	4.959246649	5.050813466	5.21458893	4.784158065	4.874489089	4.749245672	4.989770489	5.152344414	5.065811164	4.959119884
IL26	3.486355028	3.623521735	3.556706126	3.843357899	3.537627299	3.641000736	3.525792646	3.545280452	3.647327214	3.431018417
IL2RA	12.2136834	13.13661225	12.07325919	13.6547146	12.38201821	12.602874	13.32928358	11.60578212	13.25503039	11.09997637
IL2RB	12.7321749	11.98925762	11.24612754	10.55643745	9.354766564	12.61954387	9.523166544	10.67153743	11.15942474	11.90586182
IL3	4.871547687	4.97959856	4.74675597	4.756172357	4.975926592	4.698322172	4.907911583	4.880391429	5.23498996	4.967127369
IL4	10.00835621	10.25863122	10.49206336	10.2588193	10.48448041	10.15603769	10.11406199	10.22353201	10.2266938	10.09069082
IL4R	9.524465727	10.83345816	10.45188161	10.08264257	9.699513938	10.28399507	10.57801493	9.821240559	9.758294911	9.824649549
IL5	4.875180405	5.009471946	4.979438065	4.961820181	5.084459126	4.91694904	5.025589406	4.853486499	5.160403867	4.804469503
IL5RA	20.45295786	21.0094504	21.17015683	21.35524312	20.90291384	20.71872821	20.65824142	20.25262113	20.74048452	20.46099142
IL7	5.223700997	6.289175429	6.216512723	5.178710058	4.793871661	6.084326514	6.804364481	5.454131121	5.01018541	5.348655864
IL7R	21.48505835	20.38526197	18.23244517	23.8957831	22.71664575	20.35481705	21.45837794	22.33302211	24.15060525	18.4635878
IL9	4.03824669	4.058552455	4.074559383	3.937990995	4.093940473	4.035381976	3.950629012	3.937990995	4.028706269	4.069450394
IRF8	9.345242165	10.23698116	9.798088861	8.978911639	9.584223835	9.636308768	10.14824668	8.669414749	8.976173807	9.809930992
ITK	9.982637232	9.161786039	8.416992924	10.90912469	9.811687172	9.833299016	9.155618977	10.26067801	10.8128166	8.682672777
KCNA3	8.348794635	8.348609081	7.31171093	9.103876622	8.557146824	8.32623347	8.293805062	7.987597771	9.303485977	7.477023099
KCNG2	5.688840823	5.384911877	5.193235823	5.343226939	5.64185838	5.658716827	5.722249568	5.260652485	5.858834453	5.622836215
KIAA0226L	15.87116358	19.96024989	21.51390863	19.59439937	17.98226662	19.23429849	20.6373461	21.19358583	16.57021078	18.09172201
KIAA0754	12.17383299	12.35003586	11.38700787	12.64295073	12.8152923	11.32193889	12.16409088	11.6063583	13.161604	12.06633861
KIR2DL1	10.6593855	9.727179514	8.360636743	7.051956254	6.574650616	10.66232236	7.097588801	7.297328628	7.899294108	9.453011151
KIR2DL4	27.8563563	24.51747236	20.47387015	18.38278778	17.00780091	27.64857802	16.11383496	18.91974787	20.41179645	24.22043617
KIR2DS4	7.958453016	6.998573906	5.509822716	5.18482072	5.355299817	8.015877516	5.093415806	5.069128604	5.761759927	7.065596183
KIRREL	18.93114433	20.16519371	18.70485123	17.79141538	18.6096968	18.9504581	18.59536472	18.38867532	18.27214867	19.09613547
KLRB1	11.56894079	10.67551211	9.681618677	10.28894631	9.084896356	11.56747265	8.661419814	9.661547762	10.22534371	10.53927601
KLRC3	9.497081072	8.842829004	7.501927246	7.144096483	6.732064953	9.769648917	6.172465138	7.234777998	7.689449179	8.839687985
KLRC4	8.245321723	7.301701049	6.295381754	7.018300256	6.214396961	8.136950481	6.011081584	6.59492244	7.63330398	6.942451268
KLRD1	34.13786921	31.53762888	26.79839142	25.68439172	23.85909889	34.28712897	22.60779027	23.46620362	28.18372727	31.2114513
KLRF1	12.04110776	11.17869219	10.32210337	8.703867604	7.547669434	12.11542204	7.732288302	9.152023863	9.903194036	11.06897983
KLRG1	9.522199841	8.729256578	7.448520042	8.811438674	8.356592255	9.398289545	7.820269601	7.509954239	9.230602635	8.403659668
KYNU	28.53091968	27.58309727	26.41270903	22.07066132	30.37348967	24.58608496	26.42629548	27.04473509	26.54047131	31.51325207
LAG3	6.174769901	6.015448147	5.650154433	5.768169942	6.199326572	6.362683103	5.826897617	5.973898579	6.089223591	5.63003831
LAIR2	10.45013043	9.455575628	8.505947973	7.613014683	6.965433628	10.50046436	6.510772956	7.744309622	8.216938189	9.272565577
LAMP3	4.392795125	3.656687511	3.750563077	5.117711145	3.710791673	3.987209708	3.920892659	3.987906314	3.837659633	4.365181762
LAT	20.17966931	18.80504071	17.51955722	20.66000144	19.46060505	19.77636208	18.71101493	19.18104444	20.52723773	18.24890097
LCK	19.14557865	17.67985894	15.49336101	19.23454471	17.22139551	18.92227461	16.41395826	17.49036353	19.27975304	16.75917193
LEF1	27.55460487	26.2877763	22.44167357	29.46245516	28.68993562	25.91657915	27.19952832	26.96111166	30.96671259	23.69107771
LHCGR	3.19642499	3.328259131	3.280082231	3.232163005	3.20814779	3.184791135	3.171211827	3.225140204	3.164615174	3.104078101
LILRA2	35.06083047	33.85009255	40.00719753	35.18615296	38.40567456	33.53123614	37.26351745	38.80961539	34.38983432	37.71348871
LILRA3	8.821453543	8.390384118	9.410047287	8.386041996	9.569859232	7.704214256	8.764675105	9.601078085	8.288903335	9.58965306
LILRA4	6.453532319	7.569361961	6.816419441	6.622605246	6.460316879	6.508485607	7.190541507	6.616188697	6.518926547	6.881982287
LILRB2	21.84190412	21.14506946	22.99689732	21.1530359	23.37030193	20.37031211	21.83179077	22.90341181	21.74260023	23.31832487
LIME1	7.343414101	7.076774178	6.357854307	6.922287672	6.931000489	7.17163281	6.947614243	6.862017098	7.026164909	6.822784027
LINC00597	4.437572341	4.770640453	4.29879726	4.708672961	4.207925904	4.544521218	4.637708666	4.39317142	4.827451689	4.152490676
LRMP	16.95189793	17.67686317	19.96143045	18.50218875	17.52953522	18.1612558	19.10084543	19.66330574	16.51656239	17.49964844
LST1	66.90449723	64.18771286	72.13377393	68.82622683	71.66024467	66.88454317	70.89799122	71.78247394	65.90767217	70.71738789
LTA	5.552717781	5.57403127	5.814890116	5.944989829	5.769500503	5.299635032	5.645851312	5.502868627	5.765611789	5.021037082
LTB	16.58263392	16.67498329	17.49910871	17.59950875	16.30702601	16.34796387	17.31512825	17.46755638	16.39395079	15.75306557
LTC4S	6.796312268	7.01642002	6.760047361	6.945989271	6.971975152	6.947650906	6.933395547	6.783649319	7.155861002	6.974861009
LY86	9.155804087	9.593856122	8.980717898	7.888780209	9.920614361	8.475633326	9.492596059	8.60067651	8.927506268	10.14989596
LY9	25.28046496	24.90138179	23.2966643	26.56588863	24.30283917	24.958738	24.95171108	25.41012041	25.8938489	22.73774862
MAGEA11	3.476018289	3.447151095	3.626202079	3.398264399	3.470490283	3.432284527	3.490742729	3.473611905	3.483766127	3.464126853
MAK	12.20503556	11.26822167	15.50661021	13.80840047	13.39171716	13.18895188	14.13736741	15.58790758	12.7287512	13.37259026
MAN1A1	17.61838952	17.32073161	18.27963126	16.11229868	16.17072176	18.11515581	16.89101714	17.87339905	15.86542447	17.18562887
MANEA	27.6846516	27.7880531	27.10059292	25.98607302	25.75175766	28.77168467	27.37496486	25.72366408	27.63642644	27.80430859
MAP3K13	41.71209238	41.57106576	40.9691714	41.0377971	41.17426788	41.11228223	40.83502805	40.55136717	41.30953464	41.6129983
MAP4K1	26.7137002	26.93914849	25.9731027	27.71229403	25.51006436	26.72683593	26.75382059	25.47218946	26.86034545	25.60262625
MAP4K2	7.48050693	7.653926775	7.403996768	7.348770186	7.42120817	7.555134186	7.872086976	7.400050803	7.594737943	7.386196421
MAP9	18.98917531	19.186229	19.47780743	19.6329885	17.82598498	20.05925276	19.84810662	18.93606178	19.11138954	17.59655791
MARCO	7.525301083	7.013123654	6.586837099	6.03418636	8.017720579	6.364470426	6.510135565	6.549044653	7.068893283	8.291713944
MBL2	3.67640242	3.902794795	3.616885856	3.649568281	3.654319215	3.771961034	3.78008265	3.757592174	3.726060086	3.542889132
MEFV	9.649917873	9.158494107	10.22896401	9.730180068	10.0202219	9.445803176	10.0681122	10.1568715	9.732209447	10.00228183
MEP1A	4.187175822	4.133010469	3.907087734	4.081377153	4.27617257	4.126679131	4.163960774	4.195349017	4.199249769	4.186242977
MGAM	8.592019536	7.856673139	11.10372524	10.15477711	9.363482534	9.512845262	10.12283101	11.11030417	7.856646066	8.818955029
MICAL3	21.37668997	23.98220686	22.30627787	21.83542694	21.22977735	22.92672414	23.47201982	21.51729302	20.94387652	21.97701629
MMP25	14.44666336	13.93353224	17.85229935	16.60593586	15.99550804	16.49362774	17.56313872	17.52811383	14.34708558	14.95306703
MNDA	12.29065765	12.0426475	13.10285672	12.7357843	12.85545982	12.34140744	12.85559912	13.13651997	12.33279911	12.74547399
MROH7	6.143895441	6.001041728	6.038151639	5.914032507	6.195135562	6.052085921	6.112893361	5.99535056	6.078464444	5.925954512
MS4A1	35.5971342	46.09562082	43.85496824	41.27280987	37.78480578	43.69696805	46.3827817	36.41789354	37.83003512	40.67326113
MS4A2	7.283945234	7.317566078	7.533745901	7.585287704	7.409154205	7.469689827	7.387720033	7.624414984	7.57356174	7.426870097
MS4A3	8.215011601	8.306017057	9.839598732	9.114383077	8.49715427	8.600421142	9.096762694	9.73540191	8.250064429	8.481847917
MS4A6A	65.94399237	61.71298678	58.24359274	49.79608255	71.96821996	49.82162212	57.60866286	61.68843724	65.82116818	72.81639005
MSC	5.027765197	5.137010171	4.792025237	4.988207062	4.877575869	5.062990367	5.230553081	4.997180922	5.137968366	5.092277459
MXD1	31.06238211	30.66474832	36.71683675	34.85652278	33.8341147	33.62692279	35.43327625	36.22462471	30.63404972	32.84246007
MYB	11.19878483	10.22588478	10.62649587	11.03661994	11.0292279	10.31156502	11.37605984	11.37343327	11.32476202	10.91389042
MZB1	11.9694871	14.72074632	13.03999845	12.72521396	12.48888251	13.85747909	14.36353346	12.34446571	12.81930821	13.21987143
NAALADL1	13.8386037	13.50228273	12.74635281	12.66065046	12.34196143	13.8938564	12.71333359	12.26086215	12.80175904	13.26782729
NCF2	11.52288597	11.1140352	12.63477373	11.97918573	12.22501786	11.46748992	12.08625928	12.5639116	11.55057921	12.18452544
NCR3	25.97824344	24.07526822	20.25955036	20.86645489	19.62278738	26.3477223	21.09046809	18.87926587	20.95796733	23.32767984
NFE2	7.534874457	6.702116708	8.230241835	7.636292664	8.365709034	6.712481782	7.625539434	8.311772412	6.886501053	7.845099797
NIPSNAP3B	6.967559981	8.691485327	9.098325317	7.782729759	7.161309634	8.72434346	8.738699407	9.493424001	7.833371935	7.859412026
NKG7	12.82390086	12.33653151	10.5200519	10.23267019	9.697465649	12.85486758	9.548801472	9.419959916	11.338241	12.16356219
NLRP3	18.01150672	16.23696293	16.39813315	14.98228307	19.56349805	15.38296222	15.68977459	16.35667454	17.4836197	20.66740463
NMBR	4.277749906	4.433569327	4.381245523	4.293414992	4.548828485	4.260617472	4.240642262	4.437403436	4.281675752	4.396865318
NME8	6.74801081	5.825685579	6.928990553	5.583956276	6.472828796	6.400688301	5.162433391	6.730007928	5.595147014	6.289433915
NOD2	7.976417739	7.348322872	7.741852596	6.802784335	8.487848284	6.823919341	7.080286128	8.048594511	7.581912338	8.879608419
NOX3	3.601737807	3.519755341	3.479193381	3.476671144	3.515097534	3.610960347	3.675169352	3.551455539	3.664794096	3.6041487
NPAS1	13.1667809	13.26946619	12.8173271	12.92913558	13.07720599	13.28267674	13.33678403	12.88836293	13.4701564	13.22202615
NPIPB15	7.420276481	7.454950808	7.035379602	7.681917024	7.554923463	7.266479618	7.71000021	7.324518559	7.523452614	7.335799218
NPL	27.83557774	26.03843408	33.63552779	29.10797282	30.59823751	27.84969039	30.44096441	33.40973776	26.05022364	29.98623799
NR4A3	13.11688912	13.81866409	15.38788643	13.87622255	14.12271602	13.83827075	14.05856463	15.65313321	13.37083229	13.9519435
NTN3	6.15617515	6.178451351	5.861505991	5.914936196	6.099989964	6.125530636	6.169478225	5.71354177	6.088512659	6.241268133
NTRK1	4.491589598	4.700797578	4.602842496	4.653319448	4.428101883	4.76017567	4.70828631	4.570719959	4.681642204	4.690297266
ORC1	6.47322896	6.520145045	6.503114893	6.093540083	6.377763889	6.452029035	6.224679591	6.202995555	5.930104689	6.463902591
OSM	12.81134493	13.01454401	14.60980311	14.34739736	13.48263422	13.59327831	14.87354766	14.79821376	12.70175854	13.56762523
P2RX1	8.942168814	8.876652675	10.1694764	9.179437972	9.777000912	8.88730855	9.506637815	10.08304123	8.918633048	9.697509372
P2RX5	8.298234671	10.58412294	9.995702456	9.31694993	8.688775484	9.790409673	10.40825974	8.667965774	8.696946691	9.026956493
P2RY10	15.18410619	18.08116327	16.717109	16.12533492	14.90248266	17.39668339	17.91860775	15.10309171	16.20451851	15.28883924
P2RY13	9.491388794	8.91671455	10.83753867	9.705265274	10.41917066	8.736898696	10.16262815	10.9176174	9.173749466	10.29427507
P2RY14	5.488816692	7.612419759	8.375564629	7.114751989	6.331701897	7.161915982	8.641456092	7.009095268	5.60483224	6.656511833
P2RY2	6.129084565	5.951376088	5.974412051	5.22203745	6.537939297	5.608674694	5.530188191	5.592522609	5.860849911	6.765228605
PADI4	20.11310777	19.21135224	23.70866794	20.58233186	22.0639873	20.50221511	22.27254425	22.41193548	19.5811541	21.97864729
PAQR5	12.08079628	13.07301077	12.71989741	12.1725539	11.90737161	12.90751452	12.30135984	12.77598371	12.08422117	12.70173159
PASK	20.9065711	21.82588729	20.35472509	23.60014596	21.51962736	21.28017212	21.58825342	21.30282597	22.94663182	19.40330367
PAX7	9.331690358	9.440706056	9.143638333	9.272032956	9.359202002	9.357702363	9.319371362	9.211108405	9.467142545	9.421051891
PBXIP1	25.7997437	25.12364316	25.94439717	26.81188262	25.65844214	26.02463588	26.42085865	25.95269041	26.11856676	24.69364511
PCDHA5	5.865779569	5.950012528	5.920341106	5.786089474	5.808620424	5.770593581	5.894657983	5.75142072	6.011670986	5.87496167
PDCD1	6.497662591	6.547248484	6.373093021	6.681262896	6.680193394	6.355593672	6.646419177	6.582195819	6.645064606	6.500461571
PDCD1LG2	8.630507373	9.04255946	9.19463561	9.478699214	8.731682939	8.627143808	8.953178064	8.922996681	8.803050537	8.730431432
PDE6C	3.551483176	3.656687511	3.447151095	3.642483398	3.567888936	3.535727538	3.364126621	3.57724667	3.683127543	3.719280055
PDK1	24.685368	24.71896486	24.46553446	26.57273676	24.65268602	24.21884177	25.18504428	24.76136643	26.85774501	23.00413782
PGLYRP1	6.757898125	6.857332346	7.95498934	7.352585133	7.101571563	7.345922434	7.830609718	7.855968423	6.871298305	7.042474919
PIK3IP1	22.63890823	21.51881645	22.11398677	25.07982951	23.87983682	22.09667045	23.44726377	22.61095436	25.0099174	21.34419104
PKD2L2	13.24572829	13.83577118	13.36043967	13.50904491	13.09847024	13.32955016	13.6231977	13.49336571	13.86295229	13.1776386
PLA1A	4.288498086	4.012917023	4.124498424	4.495417952	4.555288259	4.320216902	4.010813128	4.510353239	4.169372348	4.284681806
PLA2G7	8.553590629	7.31881757	7.062657412	6.127831691	9.030827735	6.811966853	6.88551818	7.351408674	8.269844852	9.046417966
PLCH2	6.584902413	6.641450419	6.266885786	6.432388432	6.328965453	6.235934385	6.475279718	6.382995203	6.556076041	6.443272604
PLEKHF1	7.928458885	7.728175964	7.223967091	7.094034212	7.090550838	8.208186611	7.090550838	7.222776702	7.162070725	7.444239613
PLEKHG3	28.20400126	26.95449341	30.34841462	27.77943374	26.88457253	28.80195556	28.36645401	29.50125508	25.66823106	27.60337325
PMCH	6.488978039	6.302984151	6.946858142	6.346447957	6.135824482	6.45286578	6.700961583	6.524694086	6.491166672	6.329866597
PNOC	5.930699398	8.394396616	7.855337588	6.5345742	6.741026842	7.757303069	8.430739017	5.985491276	6.471674813	7.28053552
PPBP	9.274077312	9.80080064	9.432115045	8.824480103	8.40758665	9.913687926	9.759313034	8.76471974	8.431720029	8.819771194
PPFIBP1	34.8794926	34.24436701	35.47746794	34.1579786	34.58540831	35.08880684	35.41750972	34.58470257	34.64208475	35.10437318
PRF1	25.34946108	23.99348811	21.66353773	20.77440957	18.99069805	25.250788	18.97642824	19.60914118	22.16939495	23.63466961
PRG2	5.87341419	5.805307903	5.692855296	5.827414659	5.967439573	5.751993747	5.741965699	5.966565224	5.780425832	5.733386974
PRR5L	26.47255309	23.61090964	21.93906477	20.7315995	19.34733188	26.02566861	18.94428119	20.48453189	22.42663729	23.27522167
PSG2	3.378438247	3.196032525	3.527267873	3.219195548	3.379918198	3.540284664	3.265855007	3.51695793	3.160980579	3.452929291
PTGDR	28.54921508	25.37987991	22.1875277	21.87869094	17.98890881	29.06569215	18.9397146	20.79475169	22.00135575	25.15080013
PTGER2	9.270111378	8.142724974	7.560149217	7.618246861	7.791938581	9.034587369	6.295339135	7.283916998	8.203187433	8.442986763
PTGIR	14.18291775	13.85368816	13.25674051	13.64021197	14.24048328	13.7925776	13.60688216	13.74316489	14.04323694	14.26726652
PTPRCAP	10.63605439	10.61007303	9.182636681	9.915900758	9.434185239	11.02198104	10.10675694	8.962497051	10.02337057	9.878441017
PTPRG	22.25813614	22.77636067	23.46714517	21.57360951	21.98523745	23.16585725	22.3686928	22.67752578	20.891104	22.38451978
PVRIG	8.744370744	8.261931513	7.536367369	7.588138019	6.836575648	8.792416172	7.128098249	7.358664496	7.748612584	7.636994256
QPCT	9.10603312	8.638406379	11.37102564	10.38706816	10.26517066	9.300344285	10.42777685	11.3631061	8.900252454	10.14957609
RAB27B	22.16070831	20.12756418	18.50137651	18.27251692	16.85224754	22.56939491	16.37107948	18.11611305	19.03790859	19.85041901
RALGPS2	37.36415625	47.57909032	44.67275369	40.65844707	37.81029134	43.29786802	47.74123965	37.66755895	38.95858911	40.68854153
RASA3	27.15375457	26.11631905	23.73184942	26.43188463	25.84347051	27.07745139	24.85425842	24.39759161	27.54059824	25.41074535
RASGRP2	35.10785645	36.38527388	34.99843209	36.63013024	36.25402349	35.82688638	36.79855128	35.37743299	37.00865018	34.95190046
RASGRP3	10.17787646	13.26070558	13.01529109	11.40263177	10.73270099	12.54175853	13.98633739	10.97348456	10.49280799	11.41792684
RASSF4	29.70600458	27.75430786	25.36271501	21.99464681	30.64627629	26.33734161	24.33521183	25.12888196	27.66372083	30.95011216
RCAN3	27.99151979	27.99982139	25.99973344	31.68485512	29.98199906	27.12523113	28.86425931	29.02958552	31.89668898	26.01123107
REN	3.981856611	3.858034486	3.7035872	3.559410864	3.879072346	3.661361606	3.625777929	3.683017665	3.581954875	3.796059376
RENBP	5.258135988	4.785289922	4.84594237	4.786411515	5.103271686	4.914773679	5.193562669	4.733374634	4.786411515	5.359288977
REPS2	17.1170104	18.31272795	23.78018168	20.50867275	19.47092648	19.10611104	20.40621567	23.28737248	16.79687551	18.93160357
RGS1	14.54268654	12.93669574	13.63631598	15.05810068	14.73319587	11.96239623	12.9368457	14.95263957	15.15999071	14.93185008
RGS13	9.563665715	9.436677283	10.23423494	9.247006192	9.323697075	9.735077872	9.830528507	9.343042406	9.150044709	9.449000756
RNASE2	10.4249989	9.524653186	9.262648568	7.656425783	11.08446852	7.838990232	8.555368624	9.842018164	10.17697926	11.20554689
RNASE6	10.27422342	10.47508857	10.21112323	9.371213055	10.81296469	9.757154283	10.53450153	9.994090591	10.02712003	11.0658635
RPL10L	6.891754852	7.095521647	6.280108849	6.92297096	6.814262791	7.092150143	6.880043289	6.37418206	7.15739135	6.855016633
RRP12	34.73908044	34.79976737	36.77455579	34.70120313	36.92425206	35.0579063	36.12735661	36.55371077	34.48722657	36.80343787
RRP9	8.068666555	7.875212097	7.267084666	7.312467946	7.713940836	7.834806456	7.656715051	7.402120987	7.545897986	7.789609527
RSAD2	12.91114231	11.7726289	13.10128864	11.85341874	12.41803491	12.24991418	11.85732334	12.34830701	12.33791592	12.87244235
RYR1	5.042468747	5.202105129	4.625286779	4.898178117	5.08752575	4.773916292	4.87652488	4.618443706	4.783484509	4.919331392
S100A12	11.75660033	11.30335032	12.26760603	11.54349116	12.37376007	10.91524736	11.82426102	12.36501778	11.66068121	12.40481667
S1PR5	24.01764488	21.90466987	20.01720246	19.66624815	18.35535586	24.12048472	17.71084964	19.1741659	20.2827874	21.2113641
SAMSN1	22.2433349	20.51772564	25.0993285	22.76759293	22.49730577	21.79051716	23.25801384	24.43102233	21.69573836	23.12436125
SCN9A	6.890681777	6.869067993	7.026771688	6.763770385	6.777646262	6.612019074	6.700458317	6.934814017	6.707919352	6.898592224
SEC31B	7.448553349	6.942230315	7.232449191	8.137045559	7.58571967	6.927116367	7.329364498	7.782770173	7.893562764	7.430394378
SELL	11.62822488	11.64817316	12.30035354	12.1075949	11.77059128	11.85088644	12.1683006	12.29612909	11.77894741	11.67901511
SERGEF	19.38033914	18.61708878	18.09611643	18.48541472	18.64809656	19.10626361	18.06581564	17.53728039	18.79256242	18.59165693
SH2D1A	36.02131604	32.60151739	28.99978385	32.88323672	31.00005312	35.18401308	29.2747978	30.79580005	34.54931127	32.05367672
SIGLEC1	13.18464692	12.04294621	11.96300942	10.85153037	13.25327739	11.05625994	11.43396136	11.72781795	12.47826034	13.20605109
SIK1	15.63463374	16.03748088	16.72652633	15.95876879	16.14097799	15.65691186	16.5675843	16.6253371	15.63535073	16.30377643
SIRPG	12.71283794	12.51476801	11.49666202	14.69476827	13.7465041	12.30522142	12.38866531	13.32809267	14.47263784	11.50641683
SIT1	6.708783672	7.605065716	6.52284025	7.531791895	6.997401798	7.116663507	7.355931932	6.693699815	7.45397904	6.516483331
SKA1	5.837890453	5.407738958	5.693571339	5.627840296	5.650235059	5.767770241	5.493426027	5.744798983	5.504807674	5.672901843
SKAP1	9.998893877	9.360746622	8.564185649	9.588628852	9.062880647	9.980312238	9.096664678	8.730956147	9.632797841	8.71680762
SLAMF1	17.34876635	19.42335042	16.55790949	19.33203919	18.58664044	17.50019065	19.43142592	17.76259068	20.28430946	15.70352701
SLAMF8	13.53004985	11.98965024	11.33137388	11.02433831	12.40891046	13.55333659	10.52320529	11.76649049	11.82660031	13.04095207
SLC12A1	10.59323639	10.75453465	14.05465982	12.3307822	11.83155862	12.04664653	13.03306696	13.10414084	10.33640063	11.1749844
SLC12A8	7.002256124	6.990950915	7.713143473	6.873528389	6.984996886	6.628264565	7.260239822	7.524649955	6.841301426	7.204542848
SLC15A3	7.386839264	7.285059808	7.998529218	7.062834449	7.965873744	7.219449577	7.849417816	7.497239492	7.058762094	8.080310995
SLC2A6	7.718837074	8.300300809	7.675073153	7.290653326	8.371276389	7.492419511	8.041633425	7.350709813	7.757203	8.430683023
SLC7A10	5.606326207	5.821655746	5.542225701	5.557365694	5.666447693	5.694993999	5.773443046	5.668731903	5.830193151	5.625521504
SLCO5A1	7.612691967	8.62997159	8.963561387	7.882864855	8.032421169	8.187063839	8.170009893	7.829954122	8.017153676	8.261827737
SMPD3	11.13181519	11.33866727	10.35275346	11.10689855	10.99434847	11.31722246	11.21207463	10.84772329	11.6075453	11.30524585
SMPDL3B	11.84342058	11.90796789	11.73393176	11.80047275	11.77568487	11.63113511	12.10063062	11.51138288	11.75886796	11.7575414
SOCS1	25.07915853	25.2502233	23.60029869	24.2227164	23.48772689	25.37483834	24.58315627	23.7212674	24.51181044	24.41064477
SPAG4	5.270637942	5.239746259	4.778360112	5.292933185	5.306734053	5.11859751	4.895291097	5.097620611	5.558017136	5.216584748
SPIB	11.76706426	16.06353954	15.67798909	13.66763358	12.92841594	14.66481587	16.17986112	11.9363066	12.83430443	13.93636978
SPOCK2	17.90042612	17.53976717	15.12150948	18.19609843	17.15687295	17.55080772	16.95750639	16.77462737	18.89714799	16.03637989
SSX1	8.706112082	8.107259981	8.174765659	8.272054591	8.423550984	8.269753233	7.97415346	9.338025516	8.692871068	8.67694316
ST3GAL6	32.97727538	32.85489513	35.25228366	32.56776849	33.69803829	32.27135583	33.35326868	35.67373818	32.53504525	34.49212483
ST6GALNAC4	28.12992572	29.22658823	25.21907923	26.72910843	27.75928862	29.00489992	27.82868047	25.12522483	27.21314968	28.08295342
ST8SIA1	7.217169109	6.707863299	6.921399465	8.827863252	7.092527823	6.776236809	6.8410878	8.22483788	8.185322899	6.613452518
STAP1	16.61032031	19.5695839	18.27389689	16.90948329	15.16282646	18.69713452	19.40709849	15.19398243	15.95237764	16.46776063
STEAP4	15.75716478	14.61448685	19.68065449	17.31774765	17.57127168	16.31903406	18.42478574	19.32004319	14.87765254	17.24354497
STXBP6	16.16169842	16.52183861	16.57150244	15.98363422	15.89350846	16.59641436	16.29128842	15.96777149	15.98692605	16.3625828
TBX21	9.903315668	9.00421871	8.127747455	7.542159719	6.774551957	10.15733411	6.786068135	6.567572734	7.675804401	9.02886506
TCF7	19.30173663	18.99207812	16.86287483	21.05551515	19.9495454	19.02043761	19.05977859	19.35899847	21.28971804	17.9843737
TCL1A	15.85506554	21.30933361	18.67054184	16.78077019	16.51281589	19.29652005	20.39268332	14.84330413	16.23031792	17.91131565
TEC	6.387391501	6.368035369	6.291820132	5.98928128	6.121479941	6.374200842	6.132018012	6.546448728	5.858373933	6.746781531
TEP1	12.47116369	12.7266767	12.72319648	11.96472512	12.16856834	12.47580799	12.25579127	12.63769884	12.46654867	12.51518273
TGM5	5.012788043	4.907906505	4.842995656	4.745211944	4.90326779	4.80347758	5.081616656	4.823333007	5.037110762	4.829427171
TLR2	10.43414608	9.918409017	11.4145976	10.43913603	11.28299504	9.846463358	10.61992295	11.46328944	10.32027882	11.13864045
TLR7	13.03264694	14.67353436	13.88750361	12.41476995	14.25344518	12.72392003	13.98765516	12.70087182	12.82578494	14.50185732
TLR8	17.0484327	16.03509861	18.69731623	15.15215949	19.08757036	15.66642504	16.74509956	18.76521315	16.5336766	19.00092414
TMEM156	12.9807967	15.48415023	14.62686751	13.89039323	12.42164826	14.62622942	15.76108851	12.31979669	13.09125566	13.19014302
TMEM255A	3.500757978	3.687813448	3.376260854	3.476976773	3.838894362	3.597466185	3.277535698	3.485787384	4.240684445	4.151032091
TNFAIP6	12.14171596	11.30860043	18.0098563	15.24151192	14.18025943	14.5909705	16.13830776	18.07473081	11.01101863	13.64924284
TNFRSF10C	30.00299799	29.70047831	39.15647881	35.67256279	34.03401686	34.09575007	36.83915105	37.55980448	28.8090408	32.18049292
TNFRSF11A	9.880523929	8.432681471	8.373375885	8.415720744	7.738726552	10.31538777	8.225156274	8.720531842	7.848470715	8.652121786
TNFRSF13B	7.989522775	9.697584498	9.289798529	8.853895086	8.495632516	9.128485286	10.04219798	8.119757805	8.169116466	8.707322578
TNFRSF17	6.237542954	8.453680746	8.144528748	6.62377982	6.191051102	7.812995398	8.652220418	6.12433114	5.453962154	6.993508184
TNFRSF4	13.72887426	13.85963696	12.5458228	13.13911088	13.64739171	13.8416234	12.85437103	13.11000102	13.81495319	13.56181744
TNFSF14	15.63235409	13.95539512	14.80542068	14.00162493	13.48324441	15.70108342	13.67333044	14.78077628	13.28754978	14.08114781
TNIP3	4.400477027	3.599450216	3.963316595	4.299367225	3.930331736	3.947573376	3.377900169	5.032740364	3.940185882	3.663774052
TPSAB1	30.61130595	31.48985123	30.29057281	30.75773952	31.37539465	30.73521448	30.82051727	30.37160198	31.26235807	30.8928426
TRAC	20.63508293	20.07608888	18.04535019	22.62909778	21.68595134	19.85321644	20.67559487	20.95610917	23.04988811	18.21823962
TRAF4	25.97803225	26.13004339	25.79277095	25.74248693	25.85669332	26.1832196	25.74726488	24.63705517	25.62422478	25.8005898
TRAT1	8.627544679	7.901008193	7.135772492	10.37576045	9.340280233	7.777021643	8.776360922	9.4973551	10.35256166	6.726162762
TRAV12-2	6.063261441	5.932971445	5.676939227	6.4409323	6.061117978	5.9541227	6.071705809	5.942212923	6.238665305	5.874119646
TRBC1	36.21263075	34.59355008	30.34455623	36.48613507	34.95319437	35.86509326	33.80120184	33.58053554	36.82391691	33.09055412
TREM1	9.728427001	9.638331257	11.80800207	11.12084364	10.88559684	10.51549046	11.41070516	11.49326762	9.392471747	10.52715774
TREM2	6.14714293	6.212139582	6.125622845	6.049500899	6.067512697	6.087334868	5.958212859	5.981429393	6.028576635	6.144899427
TREML2	7.131575033	8.508745708	9.01854597	8.565879749	8.069569647	8.23194811	8.938829527	8.740384347	7.264406661	7.869327049
TRIB2	19.0838051	19.11668598	17.34123521	19.32266063	17.92743501	19.6890943	18.50338092	18.17213787	19.50797893	17.5794497
TRPM4	5.968718985	6.259035701	6.019634812	6.212718101	5.995565068	6.025484941	5.906685708	5.929637186	6.009413113	6.112426628
TRPM6	17.1600713	16.96107787	25.25608293	20.72214884	18.23672341	19.36270824	21.08059971	23.32549633	16.4346371	17.4531756
TSHR	10.29057346	10.53401437	10.41375082	10.40521993	11.30012266	11.33528053	10.99732689	11.31349727	11.2989737	10.27106103
TTC38	23.45524194	23.0859395	22.2449147	22.18719915	21.80259311	23.53159985	22.26138471	21.9143855	22.57064502	22.92632456
TXK	8.522277023	7.256030513	6.5710879	8.034431292	6.88482176	8.446184743	6.356434859	7.178904031	7.770086037	7.17778938
TYR	12.09774474	12.27756566	12.04697873	11.91618971	12.24220119	11.99581541	11.93690366	12.03202874	11.71179367	12.35409381
UBASH3A	7.276948879	7.005497496	5.805673915	8.85496735	7.483754832	6.715447932	7.205049458	7.795298254	8.311136777	6.649681402
UGT2B17	3.411604186	4.602259165	4.311055811	4.169233062	3.491186982	3.931633967	3.913353413	3.746644349	3.654319215	3.630124164
UPK3A	6.180175614	6.062716053	6.041206773	6.040886117	6.247350445	6.125833702	6.142997128	6.127804122	6.212863512	6.376822624
VILL	7.121970551	7.235776064	6.923893638	7.288215023	7.092655719	7.03375529	6.920097551	6.911227659	7.533309133	7.071583581
VNN1	13.83667954	12.11328152	16.95273261	14.06192241	16.04761332	13.31450035	14.22710628	17.01700656	13.0576473	15.87745707
VNN2	10.80897039	10.51450454	12.53609831	11.89044263	11.76983927	11.33321334	12.10330024	12.30565626	10.74815452	11.47541806
VNN3	21.16833647	20.80922405	28.74664716	25.64264494	24.26060093	24.59716475	26.52083022	27.60256527	20.2590249	23.21178824
VPREB3	5.359207933	7.538466926	6.392957217	5.85620469	5.693571339	6.674135714	7.404042069	5.481552007	5.73592914	6.360381587
WNT5B	15.66766844	15.97207786	16.14178904	15.91553944	16.09068069	15.83218324	15.82019615	15.50487464	15.94196283	16.06045298
WNT7A	5.85059137	5.529165352	5.374274774	6.013472122	5.724681014	5.615667345	5.595878936	5.5960144	6.046686089	5.553693613
ZAP70	16.5931364	15.84282001	13.49311355	16.22434822	15.17185079	16.67256784	14.46696166	14.90067634	16.29016157	15.00105705
ZBP1	15.59630655	15.70036338	16.07971002	15.24135996	14.46074637	16.46107223	15.97503072	15.31595682	15.0576385	15.02087894
ZBTB10	45.85091443	46.40801069	44.25228043	44.07968043	43.07535379	46.12880426	45.57628401	44.53258351	44.90985804	45.42846676
ZBTB32	5.565040355	6.071682796	6.188022015	5.663109594	5.550160195	5.790285821	5.804200571	5.485352504	5.440112749	5.671450874
ZFP36L2	39.37506626	38.81187222	34.42887891	37.10403922	38.79271384	39.00375614	37.12935886	35.35513732	39.0962713	39.48953167
ZNF135	12.15112477	12.71379842	11.70985055	12.35552529	11.42476641	12.4038847	12.40474113	11.18311906	12.1418997	11.91400558
ZNF165	6.474253639	7.045090813	6.873356562	6.472936237	6.435289431	6.557169026	6.816061298	6.135920019	6.378212568	7.036991917
ZNF204P	5.300636743	5.42641932	5.790927352	6.592328457	5.307331444	5.273821285	5.770758185	6.215356233	6.189409139	5.947485635
ZNF222	5.982232891	6.413252087	6.845847903	6.179156147	5.909420277	6.441017568	6.093535796	5.972775086	6.073874176	5.828398455
ZNF286A	23.01405834	24.16277091	22.40073629	23.20830717	22.7573403	23.98574513	22.16406729	22.27652197	23.83884572	22.72758763
ZNF324	7.413615742	7.339650177	7.928964749	7.839887725	7.714548052	7.240256291	7.802951851	7.267405721	7.497933801	7.510890645
ZNF442	3.816842719	4.111837845	3.532234312	3.850841208	3.435178179	3.659975756	3.559653417	3.427249355	3.675657313	3.393504974
